Mean: 149.00267347908746
Median: 147.75
Mode: 123.75
Variance: 17007.92084301886
Standard Deviation: 130.41441961308902
Time elapsed: 0.0156 seconds
