Mean: 250.7840161861406
Median: 247.0
Mode: 230.0
Variance: 20785.369132479253
Standard Deviation: 144.17131868884064
Time elapsed: 0.0000 seconds
