Mean: 241.91228070175438
Median: 239.0
Mode: [393.0, 170.0]
Variance: 21086.305588532734
Standard Deviation: 145.21124470416447
Time elapsed: 0.0156 seconds
